m1=0.2
i1=0.3
m2=0.1
i2=0.25
g=9.81
